L4:1 [20]
L4:2 [11, 13, 17, 19, 23, 29, 31, 37, 41, 43, 47, 53, 59, 61, 67, 71, 73, 79, 83, 89, 97, 101, 103, 107, 109, 113, 127, 131, 137, 139, 149, 151, 157, 163, 167, 173, 179, 181, 191, 193, 197, 199, 211, 223, 227, 229, 233, 239, 241, 251, 257, 263, 269, 271, 277, 281, 283, 293, 307, 311, 313, 317, 331, 337, 347, 349, 353, 359, 367, 373, 379, 383, 389, 397, 401, 409, 419, 421, 431, 433, 439, 443, 449, 457, 461, 463, 467, 479, 487, 491, 499, 503, 509, 521, 523] -> OEIS match: 40 The prime numbers.

L5:1 []
L5:2 [28, 44, 52, 68, 76, 92, 116, 124, 148, 164, 172, 188, 212, 236, 244, 268, 284, 292, 316, 332, 356, 388, 404, 412, 428, 436, 452, 508, 524, 548, 556, 596, 604, 628, 652, 668, 692, 716, 724, 764, 772, 788, 796, 844, 892, 908, 916, 932, 956, 964, 1004, 1028, 1052, 1076, 1084, 1108, 1124, 1132, 1172, 1228, 1244, 1252, 1268, 1324, 1348, 1388, 1396, 1412, 1436, 1468, 1492, 1516, 1532, 1556, 1588, 1604, 1636, 1676, 1684, 1724, 1732, 1756, 1772, 1796, 1828, 1844, 1852, 1868, 1916, 1948, 1964, 1996, 2012, 2036, 2084] -> OEIS match: 1749 Primes multiplied by 4.

L6:1 [56, 88]
L6:2 [51, 57, 69, 87, 93, 111, 123, 129, 141, 159, 177, 183, 201, 213, 219, 237, 249, 267, 291, 303, 309, 321, 327, 339, 381, 393, 411, 417, 447, 453, 471, 489, 501, 519, 537, 543, 573, 579, 591, 597, 633, 669, 681, 687, 699, 717, 723, 753, 771, 789, 807, 813, 831, 843, 849, 879, 921, 933, 939, 951, 993, 1011, 1041, 1047, 1059, 1077, 1101, 1119, 1137, 1149, 1167, 1191, 1203, 1227, 1257, 1263, 1293, 1299, 1317, 1329, 1347, 1371, 1383, 1389, 1401, 1437, 1461, 1473, 1497, 1509, 1527, 1563, 1569] -> OEIS match: 1748 a(n) = 3 * prime(n).

L7:1 [108]
L7:2 [104, 136, 152, 184, 232, 248, 296, 328, 344, 376, 424, 472, 488, 536, 568, 584, 632, 664, 712, 776, 808, 824, 856, 872, 904, 1016, 1048, 1096, 1112, 1192, 1208, 1256, 1304, 1336, 1384, 1432, 1448, 1528, 1544, 1576, 1592, 1688, 1784, 1816, 1832, 1864, 1912, 1928, 2008, 2056, 2104, 2152, 2168, 2216, 2248, 2264, 2344, 2456, 2488, 2504, 2536, 2648, 2696, 2776, 2792, 2824, 2872, 2936, 2984, 3032, 3064, 3112, 3176, 3208, 3272, 3352, 3368, 3448, 3464, 3512, 3544, 3592, 3656, 3688, 3704, 3736, 3832, 3896, 3928, 3992, 4024, 4072, 4168] -> OEIS match: 120700 a(n) is the least refactorable number k having the n-th prime as its greatest prime factor.

L8:1 [176, 132, 156]
L8:2 [115, 125, 145, 155, 185, 205, 215, 235, 265, 295, 305, 335, 355, 365, 395, 415, 445, 485, 505, 515, 535, 545, 565, 635, 655, 685, 695, 745, 755, 785, 815, 835, 865, 895, 905, 955, 965, 985, 995, 1055, 1115, 1135, 1145, 1165, 1195, 1205, 1255, 1285, 1315, 1345, 1355, 1385, 1405, 1415, 1465, 1535, 1555, 1565, 1585, 1655, 1685, 1735, 1745, 1765, 1795, 1835, 1865, 1895, 1915, 1945, 1985, 2005, 2045, 2095, 2105, 2155, 2165, 2195, 2215, 2245, 2285, 2305, 2315, 2335, 2395, 2435, 2455, 2495, 2515, 2545, 2605] -> OEIS match: 161835 Numbers k whose largest divisor <= sqrt(k) is 5.

L9:1 [208, 272]
L9:2 [204, 228, 276, 348, 372, 444, 492, 516, 564, 636, 708, 732, 804, 852, 876, 948, 996, 1068, 1164, 1212, 1236, 1284, 1308, 1356, 1524, 1572, 1644, 1668, 1788, 1812, 1884, 1956, 2004, 2076, 2148, 2172, 2292, 2316, 2364, 2388, 2532, 2676, 2724, 2748, 2796, 2868, 2892, 3012, 3084, 3156, 3228, 3252, 3324, 3372, 3396, 3516, 3684, 3732, 3756, 3804, 3972, 4044, 4164, 4188, 4236, 4308, 4404, 4476, 4548, 4596, 4668, 4764, 4812, 4908, 5028, 5052, 5172, 5196, 5268, 5316, 5388, 5484, 5532, 5556, 5604, 5748, 5844, 5892, 5988, 6036, 6108] -> OEIS match: 354812 Positions of +2's in A346242.

L10:1 [312, 260, 304, 368]
L10:2 [203, 217, 245, 259, 287, 301, 329, 343, 371, 413, 427, 469, 497, 511, 553, 581, 623, 679, 707, 721, 749, 763, 791, 889, 917, 959, 973, 1043, 1057, 1099, 1141, 1169, 1211, 1253, 1267, 1337, 1351, 1379, 1393, 1477, 1561, 1589, 1603, 1631, 1673, 1687, 1757, 1799, 1841, 1883, 1897, 1939, 1967, 1981, 2051, 2149, 2177, 2191, 2219, 2317, 2359, 2429, 2443, 2471, 2513, 2569, 2611, 2653, 2681, 2723, 2779, 2807, 2863, 2933, 2947, 3017, 3031, 3073, 3101, 3143, 3199, 3227, 3241, 3269, 3353, 3409, 3437, 3493, 3521] -> OEIS match: 162527 Numbers k whose largest divisor <= sqrt(k) equals 7.

L11:1 [408]
L11:2 [243, 261, 464, 496, 592, 656, 688, 752, 848, 944, 976, 1072, 1136, 1168, 1264, 1328, 1424, 1552, 1616, 1648, 1712, 1744, 1808, 2032, 2096, 2192, 2224, 2384, 2416, 2512, 2608, 2672, 2768, 2864, 2896, 3056, 3088, 3152, 3184, 3376, 3568, 3632, 3664, 3728, 3824, 3856, 4016, 4112, 4208, 4304, 4336, 4432, 4496, 4528, 4688, 4912, 4976, 5008, 5072, 5296, 5392, 5552, 5584, 5648, 5744, 5872, 5968, 6064, 6128, 6224, 6352, 6416, 6544, 6704, 6736, 6896, 6928, 7024, 7088, 7184, 7312, 7376, 7408, 7472, 7664, 7792, 7856, 7984, 8048, 8144, 8336]

L12:1 [512, 300, 340]
L12:2 [279, 333, 369, 387, 423, 477, 531, 549, 603, 639, 657, 711, 747, 801, 873, 909, 927, 963, 981, 1017, 1143, 1179, 1233, 1251, 1341, 1359, 1413, 1467, 1503, 1557, 1611, 1629, 1719, 1737, 1773, 1791, 1899, 2007, 2043, 2061, 2097, 2151, 2169, 2259, 2313, 2367, 2421, 2439, 2493, 2529, 2547, 2637, 2763, 2799, 2817, 2853, 2979, 3033, 3123, 3141, 3177, 3231, 3303, 3357, 3411, 3447, 3501, 3573, 3609, 3681, 3771, 3789, 3879, 3897, 3951, 3987, 4041, 4113, 4149, 4167, 4203, 4311, 4383, 4419, 4491, 4527, 4581, 4689, 4707] -> OEIS match: 162529 Numbers k whose largest divisor <= sqrt(k) equals 9.

L13:1 [612, 456, 552]
L13:2 [380, 460, 500, 580, 620, 740, 820, 860, 940, 1060, 1180, 1220, 1340, 1420, 1460, 1580, 1660, 1780, 1940, 2020, 2060, 2140, 2180, 2260, 2540, 2620, 2740, 2780, 2980, 3020, 3140, 3260, 3340, 3460, 3580, 3620, 3820, 3860, 3940, 3980, 4220, 4460, 4540, 4580, 4660, 4780, 4820, 5020, 5140, 5260, 5380, 5420, 5540, 5620, 5660, 5860, 6140, 6220, 6260, 6340, 6620, 6740, 6940, 6980, 7060, 7180, 7340, 7460, 7580, 7660, 7780, 7940, 8020, 8180, 8380, 8420, 8620, 8660, 8780, 8860, 8980, 9140, 9220, 9260, 9340, 9580, 9740, 9820, 9980]

L14:1 [544, 476, 696, 744, 888, 984]
L14:2 [451, 473, 517, 539, 583, 605, 649, 671, 737, 781, 803, 847, 869, 913, 979, 1067, 1111, 1133, 1177, 1199, 1243, 1331, 1397, 1441, 1507, 1529, 1639, 1661, 1727, 1793, 1837, 1903, 1969, 1991, 2101, 2123, 2167, 2189, 2321, 2453, 2497, 2519, 2563, 2629, 2651, 2761, 2827, 2893, 2959, 2981, 3047, 3091, 3113, 3223, 3377, 3421, 3443, 3487, 3641, 3707, 3817, 3839, 3883, 3949, 4037, 4103, 4169, 4213, 4279, 4367, 4411, 4499, 4609, 4631, 4741, 4763, 4829, 4873, 4939, 5027, 5071, 5093, 5137, 5269, 5357] -> OEIS match: 162531 Numbers k whose largest divisor <= sqrt(k) is 11.

L15:1 [648, 608]
L15:2 [532, 588, 644, 700, 1032, 1128, 1272, 1416, 1464, 1608, 1704, 1752, 1896, 1992, 2136, 2328, 2424, 2472, 2568, 2616, 2712, 3048, 3144, 3288, 3336, 3576, 3624, 3768, 3912, 4008, 4152, 4296, 4344, 4584, 4632, 4728, 4776, 5064, 5352, 5448, 5496, 5592, 5736, 5784, 6024, 6168, 6312, 6456, 6504, 6648, 6744, 6792, 7032, 7368, 7464, 7512, 7608, 7944, 8088, 8328, 8376, 8472, 8616, 8808, 8952, 9096, 9192, 9336, 9528, 9624, 9816, 10056, 10104, 10344, 10392, 10536, 10632, 10776, 10968, 11064, 11112, 11208, 11496, 11688, 11784, 11976, 12072, 12216, 12504]

L16:1 [760, 684, 555, 585, 615, 645, 812, 868]
L16:2 [611, 637, 689, 715, 767, 793, 845, 871, 923, 949, 1001, 1027, 1079, 1157, 1183, 1261, 1313, 1339, 1391, 1417, 1469, 1573, 1651, 1703, 1781, 1807, 1859, 1937, 1963, 2041, 2119, 2171, 2197, 2249, 2327, 2353, 2483, 2509, 2561, 2587, 2743, 2899, 2951, 2977, 3029, 3107, 3133, 3263, 3341, 3419, 3497, 3523, 3601, 3653, 3679, 3809, 3991, 4043, 4069, 4121, 4303, 4381, 4511, 4537, 4589, 4667, 4771, 4849, 4927, 4979, 5057, 5161, 5213, 5317, 5447, 5473, 5603, 5629, 5707, 5759, 5837, 5941, 5993]

L17:1 [1056, 800, 736, 928, 992, 1184]
L17:2 [705, 795, 980, 1036, 1148, 1204, 1316, 1372, 1484, 1652, 1708, 1876, 1988, 2044, 2212, 2324, 2492, 2716, 2828, 2884, 2996, 3052, 3164, 3556, 3668, 3836, 3892, 4172, 4228, 4396, 4564, 4676, 4844, 5012, 5068, 5348, 5404, 5516, 5572, 5908, 6244, 6356, 6412, 6524, 6692, 6748, 7028, 7196, 7364, 7532, 7588, 7756, 7868, 7924, 8204, 8596, 8708, 8764, 8876, 9268, 9436, 9716, 9772, 9884, 10052, 10276, 10444, 10612, 10724, 10892, 11116, 11228, 11452, 11732, 11788, 12068, 12124, 12292, 12404, 12572, 12796, 12908, 12964, 13076, 13412]

L18:1 [1104, 756, 828, 972, 1044, 1312, 1376]
L18:2 [885, 915, 1005, 1065, 1095, 1185, 1245, 1335, 1455, 1515, 1545, 1605, 1635, 1695, 1905, 1965, 2055, 2085, 2235, 2265, 2355, 2445, 2505, 2595, 2685, 2715, 2865, 2895, 2955, 2985, 3165, 3345, 3405, 3435, 3495, 3585, 3615, 3765, 3855, 3945, 4035, 4065, 4155, 4215, 4245, 4395, 4605, 4665, 4695, 4755, 4965, 5055, 5205, 5235, 5295, 5385, 5505, 5595, 5685, 5745, 5835, 5955, 6015, 6135, 6285, 6315, 6465, 6495, 6585, 6645, 6735, 6855, 6915, 6945, 7005, 7185, 7305, 7365, 7485, 7545, 7635, 7815, 7845]

L19:1 [1500, 920, 1000, 1160, 1240]
L19:2 [1116, 1332, 1504, 1696, 1888, 1952, 2144, 2272, 2336, 2528, 2656, 2848, 3104, 3232, 3296, 3424, 3488, 3616, 4064, 4192, 4384, 4448, 4768, 4832, 5024, 5216, 5344, 5536, 5728, 5792, 6112, 6176, 6304, 6368, 6752, 7136, 7264, 7328, 7456, 7648, 7712, 8032, 8224, 8416, 8608, 8672, 8864, 8992, 9056, 9376, 9824, 9952, 10016, 10144, 10592, 10784, 11104, 11168, 11296, 11488, 11744, 11936, 12128, 12256, 12448, 12704, 12832, 13088, 13408, 13472, 13792, 13856, 14048, 14176, 14368, 14624, 14752, 14816, 14944, 15328, 15584, 15712, 15968, 16096, 16288]

L20:1 [1664, 1392, 1488, 987, 1029, 1480, 1640, 1476, 1548, 1692, 1908]
L20:2 [1003, 1037, 1105, 1139, 1207, 1241, 1309, 1343, 1411, 1445, 1513, 1547, 1649, 1717, 1751, 1819, 1853, 1921, 2023, 2057, 2159, 2227, 2329, 2363, 2431, 2533, 2567, 2669, 2771, 2839, 2873, 2941, 3043, 3077, 3179, 3247, 3281, 3349, 3383, 3587, 3757, 3791, 3859, 3893, 3961, 4063, 4097, 4267, 4369, 4471, 4573, 4607, 4709, 4777, 4811, 4913, 4981, 5219, 5287, 5321, 5389, 5627, 5729, 5899, 5933, 6001, 6103, 6239, 6341, 6443, 6511, 6613, 6749, 6817, 6953, 7123, 7157, 7327, 7361]

L21:1 [1400, 1456, 1776, 1100, 1071, 1113, 1720, 1880, 2120, 2360]
L21:2 [2124, 2196, 2412, 2556, 2628, 2844, 2988, 3204, 3492, 3636, 3708, 3852, 3924, 4068, 4572, 4716, 4932, 5004, 5364, 5436, 5652, 5868, 6012, 6228, 6444, 6516, 6876, 6948, 7092, 7164, 7596, 8028, 8172, 8244, 8388, 8604, 8676, 9036, 9252, 9468, 9684, 9756, 9972, 10116, 10188, 10548, 11052, 11196, 11268, 11412, 11916, 12132, 12492, 12564, 12708, 12924, 13212, 13428, 13644, 13788, 14004, 14292, 14436, 14724, 15084, 15156, 15516, 15588, 15804, 15948, 16164, 16452, 16596, 16668, 16812, 17244, 17532, 17676, 17964]

L22:1 [1560, 1620, 1275, 1968, 1188, 1276, 1197, 1239, 1281, 1407, 2440, 2680]
L22:2 [1235, 1273, 1349, 1387, 1463, 1501, 1577, 1615, 1691, 1729, 1805, 1843, 1919, 1957, 2033, 2071, 2147, 2261, 2299, 2413, 2489, 2527, 2603, 2641, 2717, 2831, 2869, 2983, 3097, 3173, 3211, 3287, 3401, 3439, 3553, 3629, 3667, 3743, 3781, 3971, 4009, 4199, 4237, 4313, 4351, 4427, 4541, 4579, 4693, 4769, 4883, 4997, 5111, 5149, 5263, 5339, 5377, 5491, 5567, 5833, 5909, 5947, 6023, 6137, 6289, 6403, 6593, 6631, 6707, 6821, 6859, 6973, 7087, 7201, 7277, 7391, 7543]

L23:1 [1792, 1856, 1568, 1325, 2064, 2256, 1364, 1452, 1540, 1628]
L23:2 [1491, 1533, 2840, 2920, 3160, 3320, 3560, 3880, 4040, 4120, 4280, 4360, 4520, 5080, 5240, 5480, 5560, 5960, 6040, 6280, 6520, 6680, 6920, 7160, 7240, 7640, 7720, 7880, 7960, 8440, 8920, 9080, 9160, 9320, 9560, 9640, 10040, 10280, 10520, 10760, 10840, 11080, 11240, 11320, 11720, 12280, 12440, 12520, 12680, 13240, 13480, 13880, 13960, 14120, 14360, 14680, 14920, 15160, 15320, 15560, 15880, 16040, 16360, 16760, 16840, 17240, 17320, 17560, 17720, 17960, 18280, 18440, 18520, 18680, 19160, 19480, 19640, 19960, 20120]

L24:1 [2088, 2232, 1740, 1624, 1375, 1425, 2544, 2832, 2928, 3216, 1804, 1892]
L24:2 [1659, 1743, 1869, 2037, 2121, 2163, 2247, 2289, 2373, 2667, 2751, 2877, 2919, 3129, 3171, 3297, 3423, 3507, 3633, 3759, 3801, 4011, 4053, 4137, 4179, 4431, 4683, 4767, 4809, 4893, 5019, 5061, 5271, 5397, 5523, 5649, 5691, 5817, 5901, 5943, 6153, 6447, 6531, 6573, 6657, 6951, 7077, 7287, 7329, 7413, 7539, 7707, 7833, 7959, 8043, 8169, 8337, 8421, 8589, 8799, 8841, 9051, 9093, 9219, 9303, 9429, 9597, 9681, 9723, 9807, 10059, 10227, 10311, 10479, 10563, 10689, 10941]

L25:1 [2480, 2560, 1984, 1860, 1539, 1508, 1475, 1525, 1625, 1675, 3408, 3504]
L25:2 [2068, 2156, 2332, 2420, 2596, 2684, 2948, 3124, 3212, 3388, 3476, 3652, 3916, 4268, 4444, 4532, 4708, 4796, 4972, 5324, 5588, 5764, 6028, 6116, 6556, 6644, 6908, 7172, 7348, 7612, 7876, 7964, 8404, 8492, 8668, 8756, 9284, 9812, 9988, 10076, 10252, 10516, 10604, 11044, 11308, 11572, 11836, 11924, 12188, 12364, 12452, 12892, 13508, 13684, 13772, 13948, 14564, 14828, 15268, 15356, 15532, 15796, 16148, 16412, 16676, 16852, 17116, 17468, 17644, 17996, 18436, 18524, 18964, 19052, 19316, 19492, 19756]

L26:1 [2772, 2448, 2048, 1736, 1593, 1612, 1716, 1820, 1924, 1725, 1775, 3792, 3984, 4272, 4656]
L26:2 [1771, 1817, 1909, 1955, 2047, 2093, 2185, 2231, 2323, 2369, 2461, 2507, 2599, 2645, 2737, 2783, 2921, 3013, 3059, 3151, 3197, 3289, 3427, 3473, 3611, 3703, 3749, 3841, 3887, 3979, 4117, 4163, 4301, 4393, 4439, 4531, 4577, 4807, 4853, 5083, 5129, 5221, 5267, 5359, 5497, 5543, 5681, 5773, 5819, 5911, 6049, 6187, 6233, 6371, 6463, 6509, 6647, 6739, 6877, 7061, 7153, 7199, 7291, 7429, 7613, 7751, 7981, 8027, 8119, 8257, 8303, 8441, 8579]

L27:1 [3552, 2720, 2664, 1980, 1960, 1647, 1701, 1809, 1863, 2028, 2132]
L27:2 [1825, 1875, 1975, 2075, 4848, 4944, 5136, 5232, 5424, 6096, 6288, 6576, 6672, 7152, 7248, 7536, 7824, 8016, 8304, 8592, 8688, 9168, 9264, 9456, 9552, 10128, 10704, 10896, 10992, 11184, 11472, 11568, 12048, 12336, 12624, 12912, 13008, 13296, 13488, 13584, 14064, 14736, 14928, 15024, 15216, 15888, 16176, 16656, 16752, 16944, 17232, 17616, 17904, 18192, 18384, 18672, 19056, 19248, 19632, 20112, 20208, 20688, 20784, 21072, 21264, 21552, 21936, 22128, 22224, 22416, 22992, 23376, 23568, 23952, 24144, 24432, 25008]

L28:1 [3700, 2856, 2960, 2368, 2220, 2072, 2296, 2408, 2632, 1917, 1971, 2236, 2444, 2548, 2756]
L28:2 [2125, 2225, 2375, 2425, 2525, 2575, 2675, 2725, 2825, 2875, 3125, 3175, 3275, 3425, 3475, 3725, 3775, 3925, 4075, 4175, 4325, 4475, 4525, 4775, 4825, 4925, 4975, 5275, 5575, 5675, 5725, 5825, 5975, 6025, 6275, 6425, 6575, 6725, 6775, 6925, 7025, 7075, 7325, 7675, 7775, 7825, 7925, 8275, 8425, 8675, 8725, 8825, 8975, 9175, 9325, 9475, 9575, 9725, 9925, 10025, 10225, 10475, 10525, 10775, 10825, 10975, 11075, 11225, 11425, 11525, 11575, 11675, 11975]

L29:1 [3648, 2940, 2275, 2624, 2340, 2460, 2580, 2820, 2744, 2968]
L29:2 [2133, 2187, 2241, 2403, 2860, 3068, 3172, 3380, 3484, 3692, 3796, 4004, 4108, 4316, 4628, 4732, 5044, 5252, 5356, 5564, 5668, 5876, 6292, 6604, 6812, 7124, 7228, 7436, 7748, 7852, 8164, 8476, 8684, 8788, 8996, 9308, 9412, 9932, 10036, 10244, 10348, 10972, 11596, 11804, 11908, 12116, 12428, 12532, 13052, 13364, 13676, 13988, 14092, 14404, 14612, 14716, 15236, 15964, 16172, 16276, 16484, 17212, 17524, 18044, 18148, 18356, 18668, 19084, 19396, 19708, 19916, 20228, 20644, 20852, 21268, 21788, 21892]

L30:1 [3800, 3936, 2952, 2345, 2752, 3008, 3392, 3776, 3180, 3540, 3304, 3416, 3752, 3976]
L30:2 [2619, 2727, 2781, 2889, 2943, 3051, 3429, 3537, 3699, 3753, 4023, 4077, 4239, 4401, 4509, 4671, 4833, 4887, 5157, 5211, 5319, 5373, 5697, 6021, 6129, 6183, 6291, 6453, 6507, 6777, 6939, 7101, 7263, 7317, 7479, 7587, 7641, 7911, 8289, 8397, 8451, 8559, 8937, 9099, 9369, 9423, 9531, 9693, 9909, 10071, 10233, 10341, 10503, 10719, 10827, 11043, 11313, 11367, 11637, 11691, 11853, 11961, 12123, 12339, 12447, 12501, 12609, 12933, 13149, 13257, 13473, 13581, 13743]

L31:1 [4592, 3900, 3040, 3096, 2211, 2277, 2343, 2409, 3904, 4288, 3660, 4020, 4260, 4380]
L31:2 [4088, 4424, 4648, 4984, 5432, 5656, 5768, 5992, 6104, 6328, 7112, 7336, 7672, 7784, 8344, 8456, 8792, 9128, 9352, 9688, 10024, 10136, 10696, 10808, 11032, 11144, 11816, 12488, 12712, 12824, 13048, 13384, 13496, 14056, 14392, 14728, 15064, 15176, 15512, 15736, 15848, 16408, 17192, 17416, 17528, 17752, 18536, 18872, 19432, 19544, 19768, 20104, 20552, 20888, 21224, 21448, 21784, 22232, 22456, 22904, 23464, 23576, 24136, 24248, 24584, 24808, 25144, 25592, 25816, 25928, 26152, 26824, 27272]

L32:1 [5160, 4428, 3108, 3280, 2415, 2485, 2555, 2516, 2541, 2607, 4544, 4672, 5056, 5312, 4740, 4980, 5340, 5820, 6060, 6180]
L32:2 [2755, 2813, 2929, 2987, 3103, 3161, 3277, 3335, 3451, 3509, 3625, 3683, 3799, 3857, 3973, 4031, 4147, 4205, 4321, 4379, 4553, 4669, 4727, 4843, 4901, 5017, 5191, 5249, 5423, 5539, 5597, 5713, 5771, 5887, 6061, 6119, 6409, 6467, 6583, 6641, 6757, 6931, 6989, 7163, 7279, 7337, 7453, 7627, 7801, 7859, 8033, 8149, 8207, 8381, 8497, 8671, 8903, 9019, 9077, 9193, 9251, 9367, 9599, 9773, 10063, 10121, 10237]

L33:1 [4704, 3256, 3192, 3384, 3816, 4248, 2625, 2652, 2788, 2673, 2739, 2871, 2937, 5696, 6208, 6464, 6592, 6848, 6976]
L33:2 [6420, 6540, 6780, 7620, 7860, 8220, 8340, 8940, 9060, 9420, 9780, 10020, 10380, 10740, 10860, 11460, 11580, 11820, 11940, 12660, 13380, 13620, 13740, 13980, 14340, 14460, 15060, 15420, 15780, 16140, 16260, 16620, 16860, 16980, 17580, 18420, 18660, 18780, 19020, 19860, 20220, 20820, 20940, 21180, 21540, 22020, 22380, 22740, 22980, 23340, 23820, 24060, 24540, 25140, 25260, 25860, 25980, 26340, 26580, 26940, 27420, 27660, 27780, 28020, 28740, 29220, 29460]

L34:1 [5400, 4128, 3344, 3440, 3760, 3003, 4392, 2765, 2905, 2924, 3060, 3196, 3332, 3069, 3201, 3267, 3333, 3399, 3531, 7232, 8128]
L34:2 [3131, 3193, 3317, 3379, 3503, 3565, 3689, 3751, 3875, 3937, 4061, 4123, 4247, 4309, 4433, 4495, 4619, 4681, 4805, 4867, 4991, 5053, 5177, 5239, 5363, 5549, 5611, 5797, 5921, 5983, 6107, 6169, 6293, 6479, 6541, 6727, 6851, 6913, 7037, 7099, 7223, 7409, 7471, 7657, 7781, 7843, 7967, 8153, 8339, 8401, 8587, 8711, 8773, 8959, 9083, 9269, 9517, 9641, 9703, 9827, 9889, 10013, 10261, 10447, 10571]

L35:1 [5888, 4000, 4416, 3276, 3444, 4240, 3081, 4824, 5112, 2975, 3045, 3115, 3255, 3468, 3604, 3740, 4012, 4148, 4420]
L35:2 [3597, 3729, 8384, 8768, 8896, 9536, 9664, 10048, 10432, 10688, 11072, 11456, 11584, 12224, 12352, 12608, 12736, 13504, 14272, 14528, 14656, 14912, 15296, 15424, 16064, 16448, 16832, 17216, 17344, 17728, 17984, 18112, 18752, 19648, 19904, 20032, 20288, 21184, 21568, 22208, 22336, 22592, 22976, 23488, 23872, 24256, 24512, 24896, 25408, 25664, 26176, 26816, 26944, 27584, 27712, 28096, 28352, 28736, 29248, 29504, 29632, 29888, 30656, 31168, 31424, 31936, 32192]

L36:1 [6860, 4536, 4100, 3520, 3608, 3528, 4720, 3159, 3116, 5256, 5688, 5976, 6408, 3325, 3395, 3535, 3605, 3745, 3815, 4556, 4828]
L36:2 [3993, 4191, 4323, 4521, 4587, 4917, 4983, 5181, 5379, 5511, 5709, 5907, 5973, 6303, 6369, 6501, 6567, 6963, 7359, 7491, 7557, 7689, 7887, 7953, 8283, 8481, 8679, 8877, 8943, 9141, 9273, 9339, 9669, 10131, 10263, 10329, 10461, 10923, 11121, 11451, 11517, 11649, 11847, 12111, 12309, 12507, 12639, 12837, 13101, 13233, 13497, 13827, 13893, 14223, 14289, 14487, 14619, 14817, 15081, 15213, 15279, 15411, 15807, 16071, 16203]

L37:1 [7344, 4816, 4644, 3555, 3645, 3784, 3612, 4880, 3237, 3268, 3420, 3572, 3724, 6984, 7272, 7416, 7704, 7848, 8136]
L37:2 [3955, 4025, 4964, 5236, 5372, 5644, 5780, 6052, 6188, 6596, 6868, 7004, 7276, 7412, 7684, 8092, 8228, 8636, 8908, 9316, 9452, 9724, 10132, 10268, 10676, 11084, 11356, 11492, 11764, 12172, 12308, 12716, 12988, 13124, 13396, 13532, 14348, 15028, 15164, 15436, 15572, 15844, 16252, 16388, 17068, 17476, 17884, 18292, 18428, 18836, 19108, 19244, 19652, 19924, 20876, 21148, 21284, 21556, 22508, 22916, 23596, 23732, 24004, 24412, 24956, 25364, 25772]

L38:1 [5520, 4928, 4512, 5088, 3735, 3872, 3948, 5360, 3393, 3471, 3549, 3627, 3876, 4028, 4180, 4332, 4484, 4636, 9144, 9432]
L38:2 [4375, 4445, 4585, 4795, 4865, 5075, 5215, 5285, 5425, 5495, 5705, 5845, 6055, 6265, 6335, 6685, 6755, 6895, 6965, 7385, 7805, 7945, 8015, 8155, 8365, 8435, 8785, 8995, 9205, 9415, 9485, 9695, 9835, 9905, 10255, 10745, 10885, 10955, 11095, 11585, 11795, 12145, 12215, 12355, 12565, 12845, 13055, 13265, 13405, 13615, 13895, 14035, 14315, 14665, 14735, 15085, 15155, 15365, 15505, 15715, 15995, 16135, 16205, 16345, 16765]

L39:1 [6016, 5640, 4067, 4165, 5664, 3915, 4136, 4116, 5680, 5840, 6320, 6640]
L39:2 [3783, 3861, 3939, 4017, 4173, 4251, 4940, 5092, 9864, 10008, 10728, 10872, 11304, 11736, 12024, 12456, 12888, 13032, 13752, 13896, 14184, 14328, 15192, 16056, 16344, 16488, 16776, 17208, 17352, 18072, 18504, 18936, 19368, 19512, 19944, 20232, 20376, 21096, 22104, 22392, 22536, 22824, 23832, 24264, 24984, 25128, 25416, 25848, 26424, 26856, 27288, 27576, 28008, 28584, 28872, 29448, 30168, 30312, 31032, 31176, 31608, 31896, 32328, 32904, 33192, 33336, 33624, 34488, 35064, 35352, 35928, 36216, 36648]

L40:1 [7000, 6144, 4300, 4400, 4263, 5856, 4005, 4312, 4284, 4452, 4788, 4956, 7120, 7760, 8080, 8240, 8560, 8720, 4329, 4407, 5396, 5548, 5852, 6004, 6308, 6460]
L40:2 [4403, 4477, 4625, 4699, 4847, 4921, 5069, 5143, 5291, 5365, 5513, 5587, 5735, 5809, 5957, 6031, 6179, 6253, 6401, 6475, 6623, 6697, 6845, 6919, 7067, 7141, 7289, 7363, 7511, 7733, 7807, 8029, 8177, 8251, 8399, 8473, 8621, 8843, 8917, 9139, 9287, 9361, 9509, 9583, 9731, 9953, 10027, 10249, 10397, 10471, 10693, 10841, 11063, 11359, 11507, 11581, 11729, 11803, 11951]

L41:1 [7632, 6468, 4472, 4576, 4500, 4361, 6432, 4185, 4664, 4840, 5192, 5368, 5124, 5628, 5964, 6132, 6636, 6972, 9040, 10160]
L41:2 [4563, 4719, 4953, 5109, 5343, 5421, 6764, 6916, 7220, 7372, 7676, 7828, 8132, 8284, 8588, 9044, 9196, 9652, 9956, 10108, 10412, 10564, 10868, 11324, 11476, 11932, 12388, 12692, 12844, 13148, 13604, 13756, 14212, 14516, 14668, 14972, 15124, 15884, 16036, 16796, 16948, 17252, 17404, 17708, 18164, 18316, 18772, 19076, 19532, 19988, 20444, 20596, 21052, 21356, 21508, 21964, 22268, 23332, 23636, 23788, 24092, 24548, 25156, 25612, 26372]

L42:1 [8960, 7140, 4860, 4968, 4784, 4600, 4459, 6816, 4365, 4545, 4635, 4815, 5896, 6248, 6424, 6776, 6952, 7304, 7476, 8148, 10480, 10960, 11120, 11920, 12080, 12560]
L42:2 [5577, 5811, 5889, 6123, 6357, 6513, 6591, 6747, 6981, 7059, 7449, 7527, 7683, 7761, 8229, 8697, 8853, 8931, 9087, 9321, 9399, 9789, 10023, 10257, 10491, 10569, 10803, 10959, 11037, 11427, 11973, 12129, 12207, 12363, 12909, 13143, 13533, 13611, 13767, 14001, 14313, 14547, 14781, 14937, 15171, 15483, 15639, 15951, 16341, 16419, 16809, 16887, 17121, 17277, 17511, 17823, 17979, 18057, 18213]

L43:1 [9576, 7776, 5152, 5264, 5076, 4888, 4700, 4557, 7008, 7584, 7968, 4508, 4905, 4995, 5085, 5535, 5715, 5805, 7832, 8536]
L43:2 [8484, 8652, 8988, 9156, 9492, 10668, 13040, 13360, 13840, 14320, 14480, 15280, 15440, 15760, 15920, 16880, 17840, 18160, 18320, 18640, 19120, 19280, 20080, 20560, 21040, 21520, 21680, 22160, 22480, 22640, 23440, 24560, 24880, 25040, 25360, 26480, 26960, 27760, 27920, 28240, 28720, 29360, 29840, 30320, 30640, 31120, 31760, 32080, 32720, 33520, 33680, 34480, 34640, 35120, 35440, 35920, 36560, 36880, 37040, 37360, 38320, 38960, 39280, 39920, 40240]

L44:1 [9120, 6000, 6360, 5115, 5292, 5096, 5000, 4655, 4753, 4949, 8544, 4692, 4876, 5060, 5244, 5428, 5612, 5895, 6165, 8888, 9064, 9416, 9592, 9944, 10648, 11004, 11508, 11676, 12516]
L44:2 [5371, 5453, 5617, 5699, 5863, 5945, 6109, 6191, 6355, 6437, 6601, 6683, 6847, 6929, 7093, 7175, 7339, 7421, 7585, 7667, 7831, 7913, 8077, 8159, 8323, 8405, 8569, 8651, 8897, 9061, 9143, 9307, 9389, 9553, 9799, 9881, 10127, 10291, 10373, 10537, 10619, 10783, 11029, 11111, 11357, 11521, 11603, 11767, 11849, 12013, 12259, 12587, 12751, 12833, 12997]

L45:1 [9744, 6272, 6656, 5488, 5225, 5508, 5200, 5100, 5300, 5500, 5047, 9312, 9696, 9888, 10272, 10464, 10848]
L45:2 [5796, 5980, 6255, 6705, 6795, 7065, 7335, 7515, 11176, 11528, 12056, 12232, 12684, 13188, 13692, 14028, 14532, 15036, 15204, 16044, 16212, 16548, 16716, 17724, 18732, 19068, 19236, 19572, 20076, 20244, 21084, 21588, 22092, 22596, 22764, 23268, 23604, 23772, 24612, 25788, 26124, 26292, 26628, 27804, 28308, 29148, 29316, 29652, 30156, 30828, 31332, 31836, 32172, 32676, 33348, 33684, 34356, 35196, 35364, 36204, 36372, 36876, 37212, 37716, 38388, 38724, 38892]

L46:1 [10980, 6600, 6732, 6960, 5824, 5335, 5724, 4947, 5049, 5151, 5700, 5145, 5243, 5341, 5439, 5537, 5635, 12192, 12576, 6164, 6348, 6532, 6716, 7084, 7268, 7785, 8055, 8145, 8595, 13112, 13288]
L46:2 [5891, 5977, 6149, 6235, 6407, 6493, 6665, 6751, 6923, 7009, 7181, 7267, 7439, 7525, 7697, 7783, 7955, 8041, 8213, 8299, 8471, 8557, 8729, 8815, 8987, 9073, 9245, 9331, 9503, 9589, 9761, 9847, 10019, 10277, 10363, 10621, 10793, 10879, 11051, 11137, 11309, 11567, 11653, 11911, 12083, 12169, 12341, 12427, 12599, 12857, 12943, 13201, 13373]

L47:1 [12288, 7280, 7420, 6363, 7080, 5936, 5445, 5408, 5512, 5720, 5253, 5900, 6100, 6500, 6700, 6900, 7100, 5831, 6027, 13152, 13344, 14304, 14496, 15072, 15648]
L47:2 [7636, 7820, 8188, 8372, 8685, 8865, 13816, 14344, 14696, 15224, 15752, 15928, 16808, 16984, 17336, 17512, 18568, 19624, 19976, 20152, 20504, 21032, 21208, 22088, 22616, 23144, 23672, 23848, 24376, 24728, 24904, 25784, 27016, 27368, 27544, 27896, 29128, 29656, 30536, 30712, 31064, 31592, 32296, 32824, 33352, 33704, 34232, 34936, 35288, 35992, 36872, 37048, 37928, 38104, 38632, 38984, 39512, 40216, 40568]

L48:1 [12740, 8352, 8496, 6784, 6489, 7320, 6608, 5832, 6156, 6372, 6136, 5457, 5559, 5661, 5763, 5967, 6069, 7300, 7500, 6125, 6223, 6321, 6419, 6517, 6713, 16032, 16608, 17184, 17376]
L48:2 [8740, 8924, 8955, 9495, 10035, 10215, 10305, 10485, 10755, 10845, 11295, 11565, 11835, 12105, 12195, 12465, 12645, 12735, 13185, 13815, 13995, 14085, 14265, 14895, 15165, 15615, 15705, 15885, 16155, 16515, 16785, 17055, 17235, 17505, 17865, 18045, 18405, 18855, 18945, 19395, 19485, 19755, 19935, 20205, 20565, 20745, 20835, 21015, 21555, 21915, 22095, 22455, 22635, 22905, 23445]

L49:1 [9280, 8892, 6996, 7168, 6615, 8040, 5555, 5665, 5885, 6588, 6344, 6760, 6968, 7384, 7592, 8008, 6171, 6273, 7900, 8300, 8500, 8900, 9500, 9700, 6811, 6909, 7105, 7203, 18336, 18528]
L49:2 [9292, 9476, 9844, 10028, 10396, 10580, 10948, 11132, 11684, 12052, 12236, 12604, 12788, 13156, 13708, 13892, 14444, 14812, 14996, 15364, 15548, 15916, 16468, 16652, 17204, 17572, 17756, 18124, 18308, 19228, 19412, 20332, 20516, 20884, 21068, 21436, 21988, 22172, 22724, 23092, 23276, 23644, 24196, 24748, 24932, 25484, 25852, 26036, 26588, 26956, 27508, 28244, 28612]

L50:1 [9912, 9440, 7700, 7128, 7424, 6741, 6832, 7504, 7952, 5995, 6804, 7236, 7452, 7668, 7884, 8532, 8216, 8632, 6477, 6579, 6681, 6987, 7089, 7191, 10100, 10300, 10700, 10900, 7301, 7399, 18912, 19104, 20256, 21408]
L50:2 [7003, 7097, 7285, 7379, 7567, 7661, 7849, 7943, 8131, 8225, 8413, 8507, 8695, 8789, 8977, 9071, 9259, 9353, 9541, 9635, 9823, 9917, 10105, 10199, 10387, 10481, 10669, 10763, 10951, 11045, 11233, 11327, 11609, 11797, 11891, 12079, 12173, 12361, 12643, 12737, 13019, 13207, 13301, 13489, 13583, 13771, 14053, 14147, 14429]

L51:1 [10736, 10248, 8784, 7980, 6955, 7552, 8520, 8760, 6099, 8176, 6105, 6215, 6325, 6655, 6765, 6875, 8748, 8964, 9256, 9464, 10088, 10504, 10712, 11128, 7293, 7599, 7701, 7803, 11300, 11500]
L51:2 [7595, 7693, 7889, 7987, 21792, 21984, 22368, 22944, 23136, 24096, 24672, 25248, 25824, 26016, 26592, 26976, 27168, 28128, 29472, 29856, 30048, 30432, 31776, 32352, 33312, 33504, 33888, 34464, 35232, 35808, 36384, 36768, 37344, 38112, 38496, 39264, 40224, 40416, 41376, 41568, 42144, 42528, 43104, 43872, 44256, 44448, 44832, 45984, 46752, 47136, 47904, 48288, 48864]

L52:1 [11160, 10912, 9048, 8928, 7260, 7085, 6867, 6993, 9480, 6213, 8848, 9296, 9968, 10864, 11312, 11536, 6985, 7095, 9612, 10476, 10908, 11124, 11556, 11772, 11336, 11752, 12584, 13208, 8007, 8313, 12500, 12700, 13100, 13700]
L52:2 [8183, 8477, 8575, 8771, 8869, 9065, 9359, 9457, 9653, 9751, 9947, 10045, 10339, 10535, 10633, 10927, 11123, 11221, 11417, 11515, 11711, 11809, 12005, 12299, 12593, 12691, 12887, 13181, 13279, 13573, 13769, 13867, 14063, 14357, 14749, 15043, 15239, 15337, 15533, 16121, 16219, 16513, 16807, 17003, 17101, 17297, 17591, 17983, 18277]

L53:1 [12672, 11340, 9760, 9204, 7480, 7524, 7808, 7936, 7119, 9960, 6327, 6441, 6669, 6783, 6897, 7011, 11984, 12208, 7205, 7535, 7645, 7755, 7975, 8195, 12204, 13716, 14148, 14796, 13624, 14248]
L53:2 [8517, 8619, 8823, 9129, 13900, 14900, 15100, 15700, 16300, 16700, 17300, 17900, 18100, 19100, 19300, 19700, 19900, 21100, 22300, 22700, 22900, 23300, 23900, 24100, 25100, 25700, 26300, 26900, 27100, 27700, 28100, 28300, 29300, 30700, 31100, 31300, 31700, 33100, 33700, 34700, 34900, 35300, 35900, 36700, 37300, 37900, 38300, 38900, 39700, 40100, 40900, 41900, 42100]

L54:1 [12936, 12864, 10416, 9920, 8120, 7616, 7215, 7345, 8192, 7497, 10680, 11640, 12120, 12360, 12840, 7076, 7239, 7353, 12656, 14224, 14672, 15344, 15568, 16688, 8305, 8525, 8635, 8745, 15012, 16092, 14456, 14872, 15496, 15704]
L54:2 [9231, 9537, 9741, 9843, 10047, 10149, 10761, 11271, 11373, 11577, 11679, 11883, 12189, 12291, 12801, 13107, 13413, 13719, 13821, 14127, 14331, 14433, 14739, 14943, 15657, 15861, 15963, 16167, 16881, 17187, 17697, 17799, 18003, 18309, 18717, 19023, 19329, 19533, 19839, 20247, 20451, 20859, 21369, 21471, 21981, 22083, 22389, 22593, 22899]

L55:1 [13400, 13132, 11088, 10920, 9648, 8260, 7656, 7788, 7475, 8576, 7749, 8001, 8127, 8253, 8379, 13080, 7308, 7540, 7467, 7581, 7809, 7923, 8037, 8151, 16912, 17584, 18256, 18704, 8965, 9185, 16308, 16956, 17604, 18036]
L55:2 [16328, 16952, 17368, 17576, 17992, 18616, 18824, 19864, 20072, 20488, 20696, 21944, 23192, 23608, 23816, 24232, 24856, 25064, 26104, 26728, 27352, 27976, 28184, 28808, 29224, 29432, 30472, 31928, 32344, 32552, 32968, 34424, 35048, 36088, 36296, 36712, 37336, 38168, 38792, 39416, 39832, 40456, 41288, 41704, 42536, 43576, 43784, 44824, 45032]

L56:1 [15336, 13600, 11700, 11264, 9163, 10224, 7888, 8024, 8052, 7605, 9088, 9344, 10112, 10624, 11392, 8631, 13560, 15240, 7772, 8004, 8236, 8468, 8700, 8932, 8493, 8607, 8721, 8949, 19376, 20048, 9515, 9845, 9955, 10175, 18684, 19332, 19548, 20628, 20844, 21276]
L56:2 [8851, 8957, 9169, 9275, 9487, 9593, 9805, 9911, 10123, 10229, 10441, 10547, 10759, 10865, 11077, 11183, 11395, 11501, 11713, 11819, 12031, 12137, 12349, 12455, 12667, 12773, 12985, 13091, 13303, 13409, 13621, 13727, 13939, 14045, 14257, 14363, 14681, 14893, 14999, 15211, 15317, 15529, 15847]

L57:1 [16352, 15552, 13248, 12060, 9516, 9317, 8540, 8680, 8296, 8184, 7865, 7995, 8125, 8255, 8385, 12416, 8757, 8060, 15720, 16440, 16680, 17880, 18120, 18840, 9164, 9396, 9628, 9860, 9063, 9291, 20272, 21392, 21616, 22064]
L57:2 [10505, 10615, 10835, 10945, 11275, 11605, 21492, 22788, 24084, 24516, 24732, 25164, 25812, 26028, 27108, 27756, 28404, 29052, 29268, 29916, 30348, 30564, 31644, 33156, 33588, 33804, 34236, 35748, 36396, 37476, 37692, 38124, 38772, 39636, 40284, 40932, 41364, 42012, 42876, 43308, 44172, 45252, 45468, 46548, 46764, 47412, 47844, 48492, 49356]

L58:1 [16060, 13328, 13632, 10240, 9672, 10512, 11376, 9100, 8432, 8316, 8712, 8844, 9108, 9372, 8515, 12928, 8883, 8308, 8556, 8804, 9052, 9300, 9548, 19560, 20040, 20760, 21480, 10092, 10324, 9519, 9633, 9747, 9861, 22288, 23632, 24976, 25424, 25648, 26096]
L58:2 [11825, 12265, 12485, 12595, 12815, 12925, 13145, 13255, 13805, 14135, 14465, 14575, 14795, 14905, 15235, 15455, 15565, 16115, 16885, 17105, 17215, 17435, 18205, 18535, 19085, 19195, 19415, 19745, 20185, 20515, 20845, 21065, 21395, 21835, 22055, 22495, 23045, 23155, 23705, 23815, 24145, 24365, 24695]

L59:1 [16576, 13800, 13524, 9963, 10720, 9075, 9225, 11952, 9380, 8704, 8840, 9112, 9248, 9656, 9636, 8905, 13184, 9261, 9387, 9513, 9891, 10017, 10269, 9796, 10044, 10292, 10540, 21720, 22920, 10556, 11020, 11252, 11716]
L59:2 [10203, 10317, 10659, 10887, 11001, 11229, 26768, 26992, 28112, 28784, 29456, 30128, 30352, 31024, 31472, 31696, 32816, 34384, 34832, 35056, 35504, 37072, 37744, 38864, 39088, 39536, 40208, 41104, 41776, 42448, 42896, 43568, 44464, 44912, 45808, 46928, 47152, 48272, 48496, 49168, 49616, 50288, 51184, 51632, 51856, 52304, 53648, 54544, 54992]

L60:1 [18960, 14768, 14000, 11256, 10125, 9272, 9424, 9375, 12816, 9520, 9660, 8763, 8901, 9039, 9928, 10164, 9035, 13696, 13952, 14464, 16256, 16768, 17536, 10521, 10899, 11151, 11277, 10788, 11036, 23160, 23640, 23880, 25320, 11948, 12412, 12644, 13108, 13340, 13804]
L60:2 [11343, 11913, 12027, 12597, 12711, 12939, 13053, 13281, 13623, 13737, 14079, 14307, 14649, 14991, 15333, 15447, 15789, 16017, 16131, 16473, 16701, 17499, 17727, 17841, 18069, 18411, 18867, 19209, 19779, 19893, 20121, 20463, 20577, 20919, 21261, 21603, 21831, 22173, 22629, 22857, 23313, 23883, 23997]

L61:1 [20412, 15768, 14976, 11616, 11928, 9471, 9625, 9728, 9525, 13968, 14544, 9940, 10220, 10500, 9177, 10472, 10428, 9165, 9295, 9425, 9685, 9815, 10075, 17792, 19072, 19328, 20096, 11403, 11529, 11284, 11532, 11780, 12028, 26760, 27240, 27480, 27960, 28680, 28920]
L61:2 [14036, 14500, 14732, 15196, 15428, 15892, 16124, 16588, 16820, 17284, 17516, 18212, 18676, 18908, 19372, 19604, 20068, 20764, 20996, 21692, 22156, 22388, 22852, 23084, 23548, 24244, 24476, 25636, 25868, 26332, 26564, 27028, 27724, 27956, 28652, 29116, 29348, 29812, 30508, 31204, 31436, 32132, 32596]

L62:1 [20992, 16280, 15984, 12420, 11792, 9828, 10140, 9779, 9880, 9675, 9825, 14832, 15408, 15696, 11060, 9453, 10744, 10692, 10956, 11484, 11748, 12276, 12804, 10205, 10335, 10595, 10855, 20864, 21376, 12033, 12159, 12411, 12537, 12524, 12772, 13268, 13516, 14012, 14260, 30120, 30840, 31560, 32280, 32520, 33240]
L62:2 [10915, 11033, 11269, 11387, 11623, 11741, 11977, 12095, 12331, 12449, 12685, 12803, 13039, 13157, 13393, 13511, 13747, 13865, 14101, 14219, 14455, 14573, 14809, 14927, 15163, 15281, 15517, 15635, 15871, 15989, 16225, 16343, 16579, 16697, 16933, 17051, 17287]

L63:1 [17024, 16500, 14016, 12780, 10880, 11360, 10296, 9933, 10184, 10336, 10275, 10425, 10575, 16272, 11620, 9591, 11288, 11560, 12104, 12376, 13192, 13736, 13068, 13332, 13596, 14124, 10985, 11245, 22144, 22912, 23168, 24448, 13293, 14049, 14301, 14427, 14679, 15057]
L63:2 [14756, 15004, 15500, 15748, 16244, 16492, 33720, 33960, 35160, 36840, 37320, 37560, 38040, 39720, 40440, 41640, 41880, 42360, 43080, 44040, 44760, 45480, 45960, 46680, 47640, 48120, 49080, 50280, 50520, 51720, 51960, 52680, 53160, 53880, 54840, 55320, 55560, 56040, 57480, 58440, 58920, 59880, 60360]

L64:1 [19440, 17248, 13720, 14208, 10287, 10449, 11680, 10452, 10087, 10241, 10640, 10792, 11096, 10725, 18288, 11900, 9729, 9867, 10143, 10281, 10419, 10557, 14008, 14552, 14824, 15368, 14388, 14916, 11505, 11635, 11765, 11895, 24704, 25216, 25472, 27008, 28544, 29056, 15183, 15813, 16191, 16569, 16947, 17073, 16988, 17236]
L64:2 [11651, 11773, 12017, 12139, 12383, 12505, 12749, 12871, 13115, 13237, 13481, 13603, 13847, 13969, 14213, 14335, 14579, 14701, 14945, 15067, 15311, 15433, 15677, 15799, 16043, 16165, 16409, 16531, 16775, 16897, 17141, 17263, 17507, 17629, 17873]

L65:1 [20664, 19680, 14200, 13916, 12264, 12432, 10611, 11840, 10764, 11076, 10549, 10703, 10857, 11248, 11175, 18864, 12180, 12460, 13020, 13300, 13580, 14140, 10833, 10971, 11109, 11247, 16184, 16456, 15972, 16764, 17292, 18084, 12025, 12415, 12545, 12805, 12935, 13325, 29312, 29824, 30592, 30848, 32128, 32896]
L65:2 [17451, 17703, 17732, 17980, 18476, 18724, 19220, 19468, 19964, 20212, 20708, 20956, 21452, 22196, 22444, 23188, 23684, 23932, 24428, 24676, 25172, 25916, 26164, 26908, 27404, 27652, 28148, 28396, 28892, 29636, 29884, 30628, 31124, 31372, 31868, 32612, 33356]

L66:1 [21248, 20916, 15184, 14600, 11968, 12496, 13272, 10773, 12160, 12640, 11388, 11544, 12012, 11165, 11552, 11325, 19728, 20016, 21456, 21744, 22608, 23472, 14420, 14980, 15260, 15820, 11523, 11661, 17272, 17816, 18632, 18904, 18348, 19668, 19932, 20724, 21516, 22044, 13715, 13975, 14495, 14755, 14885, 15145, 33664, 34432]
L66:2 [17829, 18459, 19341, 19593, 19719, 19971, 20853, 21231, 21861, 21987, 22239, 22617, 23121, 23499, 23877, 24129, 24507, 25011, 25263, 25767, 26397, 26523, 27153, 27279, 27657, 27909, 28287, 28791, 29043, 29169, 29421, 30177, 30681, 30933, 31437]

L67:1 [22440, 21504, 16200, 14892, 13140, 13320, 11475, 13776, 10935, 11097, 13280, 14240, 15520, 12168, 11319, 11704, 11775, 11925, 12225, 12525, 12675, 11396, 24048, 24912, 25776, 26064, 16100, 17500, 11799, 11937, 12213, 12351, 19448, 20264, 20536, 21352, 22168, 22712, 22836, 23628, 23892, 25212, 25476, 26004]
L67:2 [15275, 15535, 34688, 35456, 35968, 36224, 37504, 39296, 39808, 40064, 40576, 42368, 43136, 44416, 44672, 45184, 45952, 46976, 47744, 48512, 49024, 49792, 50816, 51328, 52352, 53632, 53888, 55168, 55424, 56192, 56704, 57472, 58496, 59008, 59264, 59776, 61312]

L68:1 [24920, 22100, 16720, 15392, 12467, 12649, 12848, 11645, 13944, 14952, 11259, 11421, 11907, 16160, 12324, 11473, 12008, 12616, 12920, 13528, 13832, 12975, 11692, 11988, 12284, 12580, 27504, 27792, 17780, 18340, 19180, 19460, 12489, 12627, 12903, 13179, 13317, 13593, 22984, 23528, 24344, 24616, 25432, 25976, 26268, 27852]
L68:2 [15665, 16315, 16705, 17095, 17225, 17485, 17615, 18005, 18265, 18395, 19045, 19175, 19825, 19955, 20215, 20345, 20605, 21515, 21905, 22555, 22685, 22945, 23335, 23855, 24245, 24635, 24895, 25285, 25805, 26065, 26585, 27235, 27365, 28015, 28145]

L69:1 [26496, 22704, 17472, 16848, 15168, 15744, 13500, 13024, 11815, 11985, 16296, 16968, 17304, 12069, 16480, 12636, 11627, 11935, 12089, 12243, 12397, 14440, 13275, 13425, 13575, 13725, 12876, 13172, 28368, 28656, 30384, 32112, 20300, 20860, 21140, 21700, 21980, 22820]
L69:2 [13731, 13869, 14283, 14421, 14559, 15249, 26248, 26792, 29436, 29964, 30228, 30756, 31548, 31812, 33132, 33924, 34716, 35508, 35772, 36564, 37092, 37356, 38676, 40524, 41052, 41316, 41844, 43692, 44484, 45804, 46068, 46596, 47388, 48444, 49236, 50028, 50556, 51348, 52404, 52932, 53988, 55308, 55572]

L70:1 [25480, 19920, 16940, 14308, 14504, 12831, 14220, 13376, 13552, 12155, 12325, 12665, 17976, 12231, 17120, 12948, 13572, 13884, 14196, 14508, 12551, 14744, 15352, 15656, 16264, 14325, 14475, 13468, 13764, 14060, 14356, 32688, 32976, 33552, 34416, 34704, 36144, 23380, 24220, 25060, 25340, 26740, 27020, 15387, 15663, 27064, 28696, 30056, 30328, 30872, 31144]
L70:2 [14003, 14137, 14405, 14539, 14807, 14941, 15209, 15343, 15611, 15745, 16013, 16147, 16415, 16549, 16817, 16951, 17219, 17353, 17621, 17755, 18023, 18157, 18425, 18559, 18827, 18961, 19229, 19363, 19631]

L71:1 [26784, 21168, 17696, 14355, 14553, 15936, 13013, 14580, 14760, 13904, 14432, 14608, 12835, 18312, 12393, 17440, 18080, 20320, 20960, 21920, 15132, 12859, 13321, 13475, 13629, 16568, 17176, 14775, 14925, 15075, 15825, 14652, 14948, 15244, 15540, 15836, 16132, 37008, 37872, 38736, 39024, 39888, 40464, 27580, 27860]
L71:2 [15801, 16077, 16491, 16629, 17043, 17319, 31688, 32504, 32776, 34136, 34952, 35768, 36584, 36856, 37672, 38216, 38488, 39304, 39848, 41752, 42296, 42568, 43112, 45016, 45832, 47192, 47464, 48008, 48824, 49912, 50728, 51544, 52088, 52904, 53992]

L72:1 [29876, 22016, 20640, 14800, 15000, 14700, 16512, 13195, 13377, 14940, 15480, 15660, 15136, 13005, 18984, 12717, 12879, 13041, 13203, 13527, 22240, 15444, 15756, 16068, 16692, 13783, 13937, 18088, 18392, 19304, 19912, 15975, 16425, 16725, 17025, 17175, 17475, 16428, 16724, 17020, 17612, 17908, 18500, 40752, 42192, 29540, 31220, 31780, 32060, 32620, 33460]
L72:2 [17457, 17733, 18147, 18561, 18699, 19113, 19389, 19527, 19941, 20217, 20631, 21183, 21459, 21597, 21873, 22287, 22839, 23253, 23943, 24081, 24357, 24771, 24909, 25323, 25737, 26151, 26427, 26841, 26979]

L73:1 [32000, 22360, 21420, 15096, 15300, 14751, 14896, 13432, 13616, 13559, 13741, 14105, 16020, 15488, 13175, 21336, 22008, 23016, 23352, 25032, 13851, 23840, 24160, 25120, 26080, 17004, 17316, 14091, 14245, 14707, 14861, 20216, 20824, 21128, 21736, 22648, 22952, 17925, 18075, 18825, 19275, 19725, 20175, 18796, 19388, 44208, 44784, 45072, 45648, 47664, 48528]
L73:2 [33740, 35140, 35980, 36820, 37660, 37940, 38780, 39340, 39620, 41020, 42980, 43540, 43820, 44380, 46340, 47180, 48580, 48860, 49420, 50260, 51380, 52220, 53060, 53620, 54460, 55580, 56140, 57260, 58660]

L74:1 [32724, 22968, 22272, 15808, 16016, 15200, 14949, 14155, 14345, 13984, 14168, 14536, 14287, 16740, 15664, 13345, 13515, 13855, 14025, 14195, 25368, 14013, 14337, 14499, 14661, 26720, 27680, 17628, 18252, 18876, 19812, 15169, 15323, 15477, 15631, 15785, 16247, 23864, 24776, 25384, 25688, 26296, 27208, 20325, 20775, 19684, 20276, 20572, 21164, 21460, 22052, 49968, 50256, 50832, 51696]
L74:2 [15691, 15833, 16117, 16259, 16543, 16685, 16969, 17111, 17395, 17537, 17821, 17963, 18247, 18389, 18673, 18815, 19099, 19241, 19525, 19667, 19951, 20093, 20377, 20519, 20803]

L75:1 [25760, 22620, 17064, 17496, 15708, 15800, 17088, 18048, 14535, 14725, 14915, 14720, 14469, 17460, 13659, 13833, 14007, 14181, 14529, 14365, 26376, 27384, 28056, 13940, 14823, 15309, 28640, 28960, 30560, 30880, 20436, 21372, 21684, 22308, 23244, 23556, 16401, 16555, 16709, 16863, 17171, 17479, 27512, 28424, 21075, 21225, 21975, 23025, 23325, 23475]
L75:2 [22348, 22940, 23236, 23828, 52848, 53712, 54576, 55152, 56016, 57168, 57744, 58896, 60336, 60624, 62064, 62352, 63216, 63792, 64656, 65808, 66384, 66672, 67248, 68976, 70128, 70704, 71856, 72432, 73296]

L76:1 [27072, 23232, 17380, 17600, 16224, 15912, 15092, 15288, 18624, 19392, 19776, 15105, 15088, 14651, 17072, 17776, 18128, 18832, 19184, 14703, 14705, 15045, 15215, 29064, 14268, 14596, 15471, 15633, 15957, 16119, 31520, 31840, 33760, 35680, 36320, 36640, 24492, 25428, 26052, 26364, 26988, 27924, 17633, 17941, 29032, 29336, 29944, 30248, 31768, 32072, 23775, 24825, 25275, 26025, 24124, 24716]
L76:2 [16571, 16717, 17009, 17155, 17447, 17593, 17885, 18031, 18323, 18469, 18761, 18907, 19199, 19345, 19637, 19783, 20075, 20221, 20513, 20659, 20951, 21097, 21389]

L77:1 [30184, 26040, 18368, 18592, 16275, 16432, 15147, 15345, 15484, 16072, 16268, 20544, 15485, 15272, 18180, 18540, 19260, 19620, 19980, 19888, 14877, 15051, 15399, 15385, 30072, 30408, 14924, 15252, 15580, 15908, 16281, 16767, 17091, 17253, 17739, 18063, 37280, 38240, 38560, 40160, 41120, 42080, 28236, 29796, 18095, 18403, 18557, 18865, 19327, 19789, 33592, 33896, 34504, 34808, 26175, 26475]
L77:2 [25012, 25604, 25900, 26492, 26788, 27380, 27676, 28268, 28564, 29156, 29452, 30044, 30932, 31228, 32116, 32708, 33004, 33596, 33892, 34484, 35372, 35668, 36556]

L78:1 [30888, 27648, 20880, 18468, 17712, 16485, 16000, 16400, 15543, 15741, 15939, 16464, 20928, 15675, 14833, 15197, 15379, 15743, 15925, 20340, 21296, 22352, 23056, 15573, 15555, 15725, 32088, 32424, 33096, 33432, 16236, 16564, 16892, 17220, 17548, 17876, 18387, 18549, 18873, 19197, 19359, 19521, 43040, 43360, 30108, 30732, 31044, 32916, 34788, 35412, 19943, 20251, 20405, 20713, 35416, 36328]
L78:2 [26925, 27525, 27975, 28425, 28725, 29175, 29775, 30075, 30675, 31425, 31575, 32325, 32475, 32925, 33225, 33675, 34275, 34575, 34725, 35025, 35925, 36525, 36825]

L79:1 [32320, 29100, 21672, 21360, 17820, 17928, 16116, 16524, 16600, 17000, 17200, 16137, 16660, 21696, 15640, 15824, 16192, 16376, 16744, 16107, 22140, 22860, 23220, 24112, 15747, 15308, 15895, 16235, 16405, 16575, 35448, 37464, 38136, 38472, 39144, 40152, 18204, 18532, 18860, 19188, 19516, 19844, 19683, 20331, 44320, 44960, 45280, 46880, 49120, 49760, 35724, 36348, 37284, 37596]
L79:2 [20867, 21329, 36632, 37544, 38152, 39064, 39976, 40888, 41192, 42104, 42712, 43016, 43928, 44536, 46664, 47272, 47576, 48184, 49096, 50312, 51224, 52744, 53048, 53656, 54568]

L80:1 [33048, 30492, 22528, 21924, 18816, 18040, 17056, 17264, 16728, 16932, 17340, 17800, 16533, 16856, 15865, 16055, 15531, 15717, 15903, 16928, 16289, 16471, 16653, 23580, 24464, 15921, 15652, 15996, 16340, 16684, 16745, 16915, 17085, 17425, 17935, 18105, 40488, 42168, 43176, 44184, 45192, 45528, 20172, 20500, 20817, 21303, 21789, 21951, 22437, 22761, 50080, 50720, 52960, 53920, 39156, 40092]
L80:2 [21637, 21791, 22099, 22561, 22715, 23177, 23485, 23639, 23947, 24101, 24409, 25333, 25487, 25795, 25949, 26411, 26719, 26873, 27181, 27335, 27643, 28105, 28259]

L81:1 [35616, 31200, 22880, 22784, 18696, 19264, 16695, 17115, 17888, 18304, 18512, 17544, 18400, 16929, 24384, 25152, 16245, 16435, 16815, 16089, 17480, 17848, 18584, 16835, 24660, 26224, 16269, 16443, 16617, 16791, 17028, 17372, 17716, 18060, 18404, 18748, 18275, 18615, 18785, 18955, 19295, 19465, 46536, 47208, 20828, 21484, 21812, 22468, 22796, 23452, 22923, 23733, 24867, 25191, 55520, 55840]
L81:2 [41028, 41964, 42276, 43212, 43836, 44148, 45708, 47892, 48516, 48828, 49452, 51636, 52572, 54132, 54444, 55068, 56004, 57252, 58188, 59124, 59748, 60684, 61932]

L82:1 [38368, 32960, 23496, 23140, 19539, 18924, 18360, 18576, 17325, 17535, 17745, 18928, 17748, 18800, 17052, 17444, 26304, 26688, 28608, 17005, 16461, 16647, 16833, 18952, 17381, 25020, 26576, 27632, 28688, 29392, 17139, 17313, 17487, 17661, 18009, 18183, 19092, 19436, 19780, 20124, 20468, 20812, 19805, 19975, 47544, 49224, 51576, 52248, 52584, 53256, 23780, 24436, 24764, 25420, 25353, 25677, 56480, 57440, 58720, 59680, 60640, 61280]
L82:2 [19355, 19513, 19829, 19987, 20303, 20461, 20777, 20935, 21251, 21409, 21725, 21883, 22199, 22357, 22673, 22831, 23147]

L83:1 [39960, 33372, 24752, 23760, 22560, 19773, 18260, 18700, 19224, 20304, 20952, 18165, 19136, 18156, 17127, 17523, 17836, 18032, 18228, 28992, 17195, 17385, 17575, 17019, 19688, 17563, 26820, 27180, 28260, 29340, 30448, 31504, 31856, 33616, 33968, 34672, 18357, 18531, 19053, 19227, 19401, 19749, 21156, 21500, 20145, 20315, 20485, 21165, 21335, 21675, 55608, 56616, 58296, 58632]
L83:2 [25748, 26404, 26811, 27297, 28107, 28269, 28593, 29079, 62240, 63520, 64160, 65440, 67040, 67360, 68960, 69280, 70240, 70880, 71840, 73120, 73760, 74080, 74720, 76640, 77920]

L84:1 [35952, 26320, 25024, 20691, 23280, 19936, 20384, 18920, 19140, 19360, 21816, 18585, 19552, 19000, 19400, 17721, 17919, 18117, 18424, 30144, 31296, 32064, 17765, 17391, 20056, 17927, 18109, 18291, 18473, 30060, 31140, 32220, 32580, 34380, 34740, 35024, 37136, 39248, 39952, 40304, 41008, 19923, 20271, 21844, 22188, 22532, 22876, 23564, 23908, 21845, 22355, 22525, 22865, 59304, 60312]
L84:2 [26732, 27388, 27716, 28372, 28700, 29356, 29727, 30213, 30699, 31023, 31509, 32157, 32481, 33129, 33939, 34101, 34911, 35073, 35559, 35883, 36369, 37017, 37341]

L85:1 [38720, 27936, 26600, 22428, 20933, 19380, 19608, 20608, 21056, 21728, 19580, 22248, 18795, 18564, 18972, 20000, 20200, 20600, 18711, 18620, 19012, 19208, 33216, 18145, 17577, 20792, 21160, 21896, 22264, 18655, 19201, 19383, 19565, 19747, 19929, 35460, 35820, 37980, 40140, 40860, 41220, 42064, 42416, 20619, 20793, 20967, 21141, 21489, 21663, 24596, 24940, 25628, 25972, 23035, 23545, 61656, 62664, 63672, 64344, 65352, 66696]
L85:2 [29684, 30340, 30668, 31324, 31652, 32308, 32636, 33292, 33620, 34276, 34604, 35588, 36244, 36572, 37228, 37556, 38212]

L86:1 [40680, 29400, 29088, 23296, 22932, 20007, 20241, 19836, 20292, 20520, 21952, 20240, 22896, 20176, 21008, 19176, 19788, 19992, 21400, 18909, 19107, 19503, 19796, 34368, 18335, 17763, 17949, 18321, 18507, 23368, 24104, 24472, 25208, 25576, 26312, 20293, 20657, 20839, 21203, 21385, 21567, 41940, 43020, 44176, 45232, 46288, 47344, 47696, 48752, 21837, 22011, 22359, 22707, 26660, 27004, 23885, 24055, 24565, 24905, 25075, 25925, 67368, 68712, 70392, 70728]
L86:2 [21331, 21497, 21829, 21995, 22327, 22493, 22825, 22991, 23323, 23489, 23821, 23987, 24319]

L87:1 [41132, 30800, 29700, 23660, 23552, 20587, 20825, 20475, 20709, 20355, 20748, 22624, 20460, 19005, 19215, 21424, 21632, 22256, 20196, 21800, 22600, 23000, 19701, 20188, 34752, 18525, 18715, 18905, 18236, 18693, 18879, 19251, 19437, 19623, 19809, 27416, 27784, 28888, 29624, 29992, 30728, 21749, 21931, 43380, 45180, 46260, 47340, 48420, 48780, 49456, 49808, 51568, 54032, 22881, 23403, 27692, 28036, 28724, 29068, 29756, 30100]
L87:2 [26095, 26435, 26605, 26945, 72408, 72744, 73752, 74424, 75432, 76776, 77448, 77784, 78456, 80472, 81816, 82488, 83832]

L88:1 [45312, 31512, 31108, 24552, 23920, 24240, 24720, 21063, 21301, 20943, 20585, 21204, 23072, 23112, 23544, 20055, 20265, 20685, 22672, 20604, 20808, 21012, 25000, 19899, 20580, 36672, 37056, 37824, 19095, 18612, 18988, 19364, 19740, 20116, 20492, 20181, 20367, 20553, 20739, 21111, 21297, 31096, 31832, 22295, 22659, 22841, 23387, 23569, 23933, 49860, 50580, 50940, 52740, 54736, 55088, 23577, 24099, 24447, 24621, 25143, 25491, 30788, 31132, 31820, 32164]
L88:2 [28135, 28475, 28645, 29495, 29665, 30005, 30175, 30515, 31025, 31195, 31705, 32215, 32555]

L89:1 [47916, 33280, 31824, 25296, 24816, 21175, 21417, 25440, 25680, 21539, 21177, 20815, 21432, 20680, 20900, 24408, 27432, 28296, 20895, 23504, 25168, 26416, 21828, 25400, 20097, 20972, 21364, 21756, 38208, 19475, 19855, 20045, 20235, 20425, 20805, 20868, 21244, 21620, 21996, 22372, 22748, 21669, 22041, 32936, 33304, 34408, 35144, 35512, 36248, 24115, 24297, 24479, 24661, 55260, 55980, 55792, 58256, 59312, 61072, 61424, 62128]
L89:2 [26013, 26709, 27057, 27231, 32852, 33196, 33884, 34228, 34916, 35260, 35948, 36292, 36980, 37324, 38012, 38356, 39044]

L90:1 [48800, 33696, 33920, 27160, 25568, 23436, 23688, 21659, 21901, 26160, 21777, 21112, 21045, 23744, 23968, 21340, 21780, 22000, 29592, 21105, 22155, 22365, 27248, 22236, 26200, 20493, 20889, 21087, 22148, 40512, 42816, 43584, 43968, 44736, 45888, 20995, 21185, 21565, 21755, 22135, 22325, 23124, 23500, 22227, 22413, 22599, 22971, 23157, 23343, 36616, 38456, 38824, 40664, 25207, 25571, 56340, 57060, 59580, 60660, 62460, 62820, 63184, 64592, 65648, 66704]
L90:2 [27579, 27753, 28101, 28797, 29319, 30189, 30363, 30711, 31233, 31407, 31929, 32451, 32799]

L91:1 [36288, 34020, 29376, 27440, 23808, 24064, 23940, 24444, 22143, 27120, 21411, 21344, 21660, 22116, 24416, 25312, 28448, 22220, 30024, 32184, 32616, 22995, 28496, 22644, 27400, 27800, 29800, 21483, 22540, 23324, 24108, 24500, 24892, 25284, 46272, 48192, 49344, 50496, 51648, 52032, 22515, 22705, 23876, 24252, 24628, 25004, 25380, 25756, 23529, 23901, 24273, 24459, 41032, 41768]
L91:2 [25753, 26117, 26663, 26845, 27391, 27755, 63540, 64620, 66060, 67140, 67408, 68464, 69872, 70576, 71984, 73744, 74096, 75856, 76208, 77264, 77968, 79024, 80432]

L92:1 [39072, 36624, 30000, 29664, 24180, 24440, 24576, 24832, 24696, 22385, 22015, 21645, 21275, 21505, 22344, 22572, 23028, 29344, 22660, 23320, 23540, 33912, 23415, 28912, 23052, 23868, 24276, 30200, 21681, 22077, 22473, 22671, 23067, 23463, 25676, 26068, 26852, 27244, 27636, 28420, 53184, 53952, 22895, 23465, 23655, 23845, 24225, 24415, 26132, 26508, 26884, 27260, 24831, 25017, 42136, 42872, 43976, 44344, 45448, 46184, 27937, 28301, 28483, 28847, 68220, 68940, 70020, 71460, 72180, 73620]
L92:2 [24475, 24653, 25009, 25187, 25543, 25721, 26077]

L93:1 [41400, 37060, 30704, 30300, 25080, 25608, 24700, 25220, 25088, 25452, 28320, 22253, 21808, 22040, 21965, 22195, 22425, 23256, 30688, 31136, 21867, 23980, 35208, 23835, 29744, 30992, 31408, 24684, 31400, 32600, 33400, 34600, 35800, 36200, 23661, 23859, 24057, 24651, 24849, 25443, 28812, 29204, 54336, 56256, 58944, 59712, 60096, 60864, 24985, 25175, 25365, 25555, 28012, 28388, 25203, 25761, 25947, 26133, 26319, 26877, 46552, 47288, 48392, 49496]
L93:2 [29939, 30121, 30485, 30667, 31213, 31577, 75420, 75780, 77580, 77940, 79020, 79740, 80820]

L94:1 [41496, 39424, 31416, 31008, 25515, 25785, 26136, 26664, 25740, 25856, 22627, 30480, 22113, 22347, 22504, 22736, 23200, 22655, 23484, 24168, 33376, 22089, 24200, 36072, 24045, 24465, 24885, 32656, 25092, 25908, 26316, 26724, 27948, 28356, 38200, 38600, 39400, 39800, 42200, 44600, 25839, 26037, 29596, 30380, 30772, 31556, 31948, 32732, 63552, 64704, 66624, 67008, 25745, 26315, 29140, 29516, 30268, 30644, 31396, 31772, 27249, 27807, 28551, 28923, 49864, 50968, 51704, 52072, 53176, 53912]
L94:2 [31759, 32123, 32305, 32669, 33215, 33397, 33761]

L95:1 [46080, 41760, 32136, 31724, 26112, 26384, 25403, 25669, 27192, 26000, 23875, 22869, 22729, 22967, 22581, 23049, 23283, 23432, 22885, 23115, 24396, 33824, 22311, 24420, 37368, 38664, 39096, 25095, 33904, 34736, 35152, 35984, 37232, 37648, 28764, 29172, 30396, 30804, 31212, 32028, 45400, 45800, 26433, 26631, 26829, 27423, 27621, 27819, 33908, 34300, 35084, 35476, 67776, 68928, 26695, 26885, 27075, 27455, 27835, 28025, 32524, 32900, 33652, 34028]
L95:2 [29109, 29481, 29667, 30039, 30783, 31341, 55016, 56488, 57224, 57592, 58328, 59432, 60904]

L96:1 [47432, 41860, 34240, 32448, 28000, 26772, 26055, 26325, 25935, 27984, 25704, 24125, 31440, 32880, 23205, 23443, 23681, 23517, 23896, 24128, 23575, 24852, 35168, 22533, 24860, 25300, 26620, 41256, 25305, 26145, 26355, 26985, 27615, 28035, 39728, 40144, 40976, 41392, 43888, 46384, 33252, 34068, 46600, 47800, 48200, 50200, 51400, 52600, 28017, 28809, 29007, 30393, 36260, 37436, 70464, 71616, 72768, 73536, 74688, 76224, 28975, 29165, 29545, 29735, 34780, 35156, 35908, 36284, 37036, 37412]
L96:2 [31713, 32271, 32457, 32829, 33387, 33573, 34131]

L97:1 [48312, 46464, 34344, 34880, 28171, 28280, 26656, 26928, 26595, 26201, 26368, 25956, 23111, 23353, 33360, 35760, 36240, 23919, 23751, 24219, 24592, 23805, 25308, 36512, 22977, 23199, 23421, 27060, 41688, 42552, 42984, 45576, 48168, 23108, 28245, 28455, 29085, 29505, 29715, 30555, 47216, 47632, 34476, 35292, 36516, 36924, 38148, 38964, 53800, 54200, 55400, 56200, 30789, 30987, 37828, 38612, 39004, 39788, 40180, 41356, 76992, 78528, 80448, 80832]
L97:2 [30115, 30685, 31445, 31825, 32015, 32965, 38164, 38540, 39292, 39668, 40420, 40796, 41548]

L98:1 [49200, 47824, 37296, 34668, 30528, 28457, 27048, 27324, 27472, 26865, 26260, 26624, 24056, 24304, 23837, 24079, 24321, 37680, 24157, 24395, 24687, 24824, 24035, 25764, 37408, 38752, 40096, 23643, 27500, 27940, 28380, 28820, 30140, 49032, 23532, 23956, 24380, 24804, 25228, 25652, 30765, 31815, 48464, 49712, 50128, 52208, 53456, 54704, 39372, 40188, 40596, 43044, 56600, 58600, 31383, 32769, 33363, 34353, 34551, 34947, 42140, 42532, 43708, 44492, 82752, 83136, 84288, 85056, 86208, 87744]
L98:2 [33155, 33535, 33725, 34105, 34295, 34675, 34865]

L99:1 [52832, 48708, 37400, 37968, 30900, 30816, 28840, 29680, 27876, 27744, 28248, 26780, 24375, 24625, 24800, 25048, 25544, 24563, 39120, 40080, 25109, 24921, 25288, 24265, 25992, 26676, 27132, 40544, 24087, 24309, 24531, 24753, 25197, 30580, 49464, 50328, 51624, 52056, 54216, 55512, 26076, 26500, 32235, 32445, 32655, 32865, 33285, 34755, 55952, 56368, 57616, 58448, 45084, 45492, 61400, 62200, 62600, 63400, 66200, 67400]
L99:2 [35541, 36333, 36927, 37521, 44884, 45668, 46060, 46844, 47236, 48020, 88512, 88896, 89664, 91968, 93504, 94272, 95808]

